 3586  0.162152752  0.0382231139
 3587  0.211886212  0.032319095
 3588  0.202531025  0.0164395664
 3589  0.214605823  0.0213645566
 3590  0.103610627  0.0276929885
 3591  0.22465694  0.0529567823
 3592  0.215857491  0.0183873288
 3593  0.206034824  0.0141985603
 3594  0.181748867  0.0227256734
 3595  0.19039546  0.0243848674
 3596  0.22213693  0.0175751168
 3597  0.2224828  0.0360981412
 3598  0.221163973  0.0285604708
 3599  0.192137241  0.0252359658
 3600  0.22563459  0.0184980854
 3601  0.183312714  0.0289899204
 3602  0.200591594  0.0206988938
 3603  0.204229146  0.0140080284
 3604  0.2059827  0.0338694379
 3605  0.215532377  0.0276042745
 3606  0.0576072037  0.00463060616
 3607  0.166085541  0.0239779763
 3608  0.173616618  0.0160599854
 3609  0.150881454  0.0160003174
 3610  0.283816755  0.0567702465
 3612  0.173146114  0.0240171142
 3613  0.14823769  0.0228782408
 3614  0.152155787  0.0237674769
 3615  0.174892858  0.0206185319
 3616  0.165631175  0.0126032885
 3617  0.161196634  0.0178082827
 3618  0.201269999  0.0345232226
 3619  0.162030548  0.0212816503
 3620  0.175539136  0.0115625868
 3621  0.174328312  0.013749741
 3622  0.167422563  0.0154213319
 3623  0.168967649  0.0168211609
 3624  0.194707066  0.0215103645
 3625  0.191944569  0.0142015647
 3626  0.17962642  0.0158251375
 3627  0.181786194  0.029890839
 3628  0.184189245  0.0156332776
 3629  0.162768587  0.039480444
 3630  1.31172323  0.112142675
 3631  0.176620141  0.0146275545
 3632  0.17283605  0.0175571144
 3633  0.202331096  0.0169909615
 3634  0.12536256  0.0189031586
 3635  0.175427333  0.0147316912
 3636  0.164153844  0.0135951051
 3637  0.177947596  0.0153253349
 3639  0.185215652  0.0135566136
 3640  0.178766534  0.0180667453
 3641  0.0952645242  0.0388927124
 3642  0.15193525  0.0141759515
 3643  0.180742785  0.0239465963
 3645  0.143666759  0.0136436
 3646  0.163333476  0.0544468723
 3647  0.205583155  0.0218011942
 3648  0.184060141  0.0233827047
 3649  0.190836385  0.0146057466
 3650  0.221084923  0.0264336914
 3651  0.171745256  0.0231643151
 3652  0.183600739  0.0143047562
 3653  0.196740165  0.03425356
 3654  0.184228942  0.0165542141
 3656  0.155953169  0.0134311151
 3657  0.178842619  0.014661964
 3658  0.204500332  0.0208814628
 3659  0.184275001  0.0146713844
 3660  0.148020476  0.0179560501
 3661  0.14794299  0.0211397447
 3662  0.143765673  0.0338888578
 3663  0.215385243  0.0155585892
 3664  0.152686521  0.0318409018
 3665  0.197163418  0.0985836238
 3670  0.185620621  0.0313809477
 3671  0.224647939  0.0147973346
 3672  0.271066755  0.0224495567
 3673  0.238336489  0.0307780784
 3674  0.302156955  0.0592653416
 3675  0.22005038  0.0166960787
 3707  0.196441144  0.0105632823
 3708  0.204614371  0.0446550734
 3709  0.172359288  0.0197782684
 3710  0.149237484  0.0199481249
 3711  0.158493817  0.021776408
 3712  0.209388569  0.034429457
 3713  0.138158724  0.0218490586
 3714  0.172148973  0.0367062092
 3715  0.0922916532  0.041275084
 3717  0.174835056  0.0242513884
 3719  0.167198345  0.0300342347
 3720  0.176653504  0.0169292986
 3721  0.181179792  0.0224796869
 3722  0.135400414  0.0189645477
 3726  0.203729421  0.0277313367
 3727  0.157943502  0.0138083706
 3729  0.16753599  0.0146470042
 3730  0.182691157  0.030039642
 3731  0.174265757  0.0193704832
 3732  0.169724643  0.0122922389
 3733  0.159415007  0.0235097148
 3734  0.143539488  0.0348163173
 3735  0.165175468  0.0124260243
 3736  0.179685995  0.0277318098
 3741  0.180182859  0.0191076044
 3742  0.183048412  0.0161894094
 3743  0.16535823  0.0173419174
 3744  0.178001285  0.0138267204
 3745  0.164496943  0.0230398867
 3746  0.172574192  0.0120945843
 3750  0.171060026  0.0167822931
 3751  0.181370497  0.0130005144
 3752  0.182366922  0.0333003439
 3753  0.167496204  0.0186180156
 3754  0.162088573  0.0244409963
 3755  0.202092186  0.0179438461
 3756  0.187153682  0.0160588995
 3757  0.16413638  0.0367055796
 3758  0.187036768  0.0211857706
 3759  0.174516648  0.0135560418
 3760  0.185308158  0.0158424824
 3761  0.0425275937  0.00419246545
 3762  0.207187206  0.0206260141
 3763  0.178860188  0.0200049505
 3764  0.214564875  0.0162333697
 3765  0.20491752  0.038057588
 3771  0.227516964  0.0120121595
 3772  0.223250493  0.0145183727
 3775  0.218667075  0.029764628
 3776  0.187561348  0.0229217261
 3777  0.227596521  0.0159507357
 3778  0.192575306  0.0250783581
 3797  0.21421212  0.0245808903
 3798  0.202551961  0.0198718905
 3799  0.235219285  0.022966763
 3800  0.126062453  0.0305771623
 3801  0.192160875  0.0147937415
 3802  0.188863143  0.034486562
 3803  0.147551894  0.0227723978
 3804  0.207292989  0.0133409612
 3805  0.172588006  0.0232779812
 3806  0.149841562  0.0312476195
 3807  0.173705816  0.0213885661
 3808  0.19654879  0.0283759926
 3809  0.176508397  0.0238067489
 3810  0.164296851  0.0270150919
 3811  0.275145978  0.0829640701
 3812  0.275445253  0.0649287477
 3813  0.185199291  0.0228037685
 3814  0.188122511  0.0167034734
 3815  0.177528262  0.0239443034
 3816  0.160825551  0.0167747177
 3817  0.14792712  0.0315415412
 3818  0.177241936  0.0215008426
 3823  0.167218223  0.0223515574
 3824  0.163895205  0.0178897325
 3825  0.147872567  0.0603704825
 3826  0.155739799  0.013938251
 3827  0.166061908  0.0319628231
 3828  0.124216318  0.0239085797
 3829  0.164025873  0.0116975429
 3830  0.181366712  0.0315769538
 3831  0.201675683  0.0248325225
 3832  0.179811388  0.0145476945
 3833  0.180691808  0.0179000217
 3834  0.163497582  0.0156685207
 3835  0.194044903  0.026915988
 3837  0.181177199  0.0193218123
 3838  0.16856204  0.0113508813
 3839  0.119743228  0.0423372686
 3844  0.15434584  0.0374374576
 3845  0.218508378  0.0181589164
 3846  0.1809614  0.0187733024
 3847  0.173045203  0.0154870329
 3848  0.157167837  0.0265707318
 3849  0.156708404  0.0128906136
 3850  0.162196115  0.016648652
 3851  0.160698399  0.0118574332
 3852  0.178679347  0.072947666
 3853  0.19588919  0.0181981064
 3854  0.194473848  0.0414663963
 3855  0.210876301  0.0295359045
 3856  0.182884961  0.0147963632
 3858  0.175386548  0.0202592742
 3859  0.158530876  0.0118594579
 3861  0.1783126  0.0149216084
 3862  0.316359848  0.111854441
 3863  0.189747036  0.0263198297
 3864  0.158149511  0.0213305745
 3865  0.0785150006  0.039258264
 3866  0.143317103  0.0124821533
 3868  0.204368308  0.0150796995
 3869  0.190752566  0.0147728529
 3870  0.20255442  0.0203672778
 3876  0.28453204  0.0620963164
 3877  0.237772912  0.0354528427
 3878  0.226355076  0.0167475231
 3879  0.251979947  0.0123497546
 3880  0.223977849  0.0232359152
 3882  0.217521071  0.0234657023
 3883  0.314881712  0.0617611855
 3884  0.191919476  0.0232813451
 3885  0.211202055  0.0179260224
 3886  0.169702053  0.0230995845
 3887  0.181388512  0.0320702493
 3889  0.152293876  0.0380764268
 3890  0.33027193  0.0647798404
 3891  0.132169962  0.0499572493
 3893  0.185624868  0.0235814843
 3894  0.173583761  0.0215372164
 3895  0.156524256  0.0168854985
 3896  0.171469823  0.0231271666
 3901  0.158862308  0.024231337
 3902  0.179319218  0.0217528343
 3903  0.14994365  0.0188969094
 3904  0.170571059  0.0225989465
 3905  0.362692416  0.362694174
 3906  0.117777638  0.0193660054
 3907  0.143167064  0.013475419
 3908  0.0710018724  0.0502063967
 3909  0.161703154  0.0539034083
 3910  0.108876474  0.0301988088
 3911  0.0880980939  0.0207667369
 3912  0.133762285  0.0139519162
 3913  0.119293973  0.0111790933
 3914  0.177583441  0.033564683
 3916  0.146889329  0.0143422447
 3917  0.138871908  0.0142545346
 3918  0.151880726  0.0126218935
 3919  0.168538615  0.0263265539
 3921  0.131422773  0.020528879
 3922  0.14616777  0.0143401725
 3923  0.10667257  0.020161964
 3925  0.163024232  0.0326088071
 3926  0.137210712  0.0113636935
 3927  0.114624493  0.0433254614
 3928  0.1567045  0.0341992155
 3929  0.186926097  0.0482676327
 3930  0.141183749  0.0110333823
 3931  0.128444612  0.0238549262
 3932  0.13553445  0.0251716617
 3933  0.127084598  0.0240199994
 3934  0.123484842  0.0171285942
 3935  0.124256864  0.0201608483
 3936  0.127278447  0.0133483065
 3937  0.135741219  0.015679758
 3938  0.140114009  0.0142331282
 3939  0.167776078  0.0287781153
 3943  0.153696463  0.0224240553
 3944  0.0901979581  0.0218780264
 3945  0.105100252  0.0206144601
 3946  0.148824513  0.0148158595
 3947  0.151267618  0.0132247247
 3948  0.11360722  0.0147946412
 3949  0.145250395  0.0649595335
 3950  0.185662702  0.0514968224
 3951  0.104416765  0.0233505685
 3952  0.122980841  0.0138417371
 3953  0.0940328389  0.0129197314
 3973  0.128703207  0.0198633894
 3974  0.127696767  0.0197080597
 3975  0.131817281  0.01811116
 3976  0.102425255  0.0144886384
 3977  0.140377313  0.0174171627
 3978  0.147052288  0.0252234265
 3979  0.10705018  0.0535261296
 3980  0.132167116  0.0127244601
 3981  0.0731939524  0.0195632372
 3982  0.121763438  0.0137922196
 3983  0.117057435  0.0168997273
 3984  0.113749668  0.023721097
 3985  0.12507312  0.0143521689
 3986  0.131253704  0.0232062042
 3987  0.105294742  0.0138297733
 3988  0.130720735  0.0124703944
 3989  0.171927512  0.0366589874
 3990  0.0978677571  0.0129664913
 3991  0.147810653  0.021798363
 3994  0.130209729  0.0180614032
 3995  0.151477709  0.0159741361
 3996  0.134645164  0.0287095159
 3997  0.114499852  0.0317585506
 3998  0.117955998  0.0131113809
 4000  0.108212151  0.0270551406
 4001  0.115251765  0.00923451968
 4003  0.0971101671  0.0235546213
 4004  0.125479579  0.0101519637
 4005  0.150541395  0.0301119369
 4006  0.0904368907  0.0404455885
 4007  0.1329512  0.0177711863
 4010  0.138546541  0.0176007301
 4011  0.128685027  0.0169019345
 4012  0.123247974  0.020544922
 4102  0.251782268  0.0414001942
 4103  0.240374818  0.042499274
 4104  0.107227318  0.0536147021
 4106  0.142830387  0.0280148834
 4107  0.171513841  0.0365707837
 4108  0.147174388  0.0264372844
 4109  0.15596135  0.0204844996
 4111  0.117361702  0.0391222797
 4112  0.104442947  0.0603010394
 4113  0.0968854129  0.0222290903
 4114  0.114139929  0.0360959694
 4116  0.157020599  0.0213734042
 4117  0.153978825  0.0173306223
 4118  0.128337726  0.0213933624
 4119  0.143262506  0.0171289686
 4121  0.116050914  0.0160974339
 4122  0.131999493  0.0217044856
 4123  0.102967761  0.0420376398
 4124  0.0881029367  0.0265654549
 4125  0.137512326  0.0519765429
 4127  0.150803685  0.0169732533
 4128  0.156021774  0.0780123994
 4130  0.121148609  0.0221218318
 4131  0.124980584  0.0186350793
 4132  0.0985202193  0.0273263194
 4133  0.167588905  0.0464837365
 4134  0.105341598  0.031763386
 4137  0.133389607  0.0158358961
 4138  0.12043871  0.0212940685
 4139  0.125649676  0.0179542266
 4140  0.129218251  0.0145437699
 4141  0.104597479  0.0106804147
 4142  0.165927783  0.0298059992
 4143  0.135411695  0.0121676549
 4147  0.18296583  0.013356342
 4148  0.171318352  0.0159844458
 4149  0.107614554  0.023485817
 4150  0.148225263  0.020560341
 4151  0.110873677  0.0196029302
 4152  0.136242092  0.0156338103
 4153  0.16374746  0.0209719297
 4154  0.136106744  0.0190634783
 4155  0.102088422  0.0130749578
 4156  0.124234594  0.0113951517
 4157  0.100667402  0.0190269388
 4158  0.17714572  0.0318211056
 4159  0.123685785  0.0218681637
 4160  0.157061711  0.027769167
 4161  0.157308921  0.0245724209
 4162  0.14513886  0.0548591986
 4163  0.122082599  0.0134871388
 4164  0.0726831257  0.0419642329
 4166  0.472020954  0.0370008126
 4168  0.378584474  0.13385503
 4169  0.34026891  0.0313422494
 4170  0.257566333  0.0270122271
 4171  0.25792411  0.0304072835
 4173  0.20229651  0.0160555486
 4174  0.185542747  0.0162834544
 4175  0.13909784  0.0622079559
 4176  0.149144545  0.0183643121
 4177  0.12765418  0.0212794188
 4178  0.141055122  0.0261969697
 4179  0.106736712  0.0194902085
 4180  0.140272662  0.0321837291
 4181  0.122661911  0.0180895552
 4182  0.110372707  0.0212440249
 4184  0.125113174  0.0217829011
 4185  0.119598731  0.0165895522
 4192  0.129581764  0.015719289
 4193  0.143707767  0.0168256871
 4194  0.105853982  0.0220745485
 4195  0.170011491  0.0206237342
 4197  0.153626904  0.0141506111
 4199  0.152979061  0.0225605741
 4196  0.0938088149  0.0191508774
 4198  0.122348443  0.0186618604
 4200  0.111216962  0.0107074725
 4201  0.218332365  0.0976435766
 4202  0.134701967  0.0145313563
 4203  0.176339805  0.0260056984
 4205  0.131386504  0.0200404394
 4206  0.113376632  0.0327309221
 4207  0.0919076875  0.0237321928
 4208  0.181756109  0.0190616418
 4209  0.173134521  0.0258150138
 4210  0.151404306  0.0255963523
 4211  0.172547162  0.0704441369
 4216  0.141627744  0.0117698302
 4217  0.139452174  0.0154060526
 4218  0.103773914  0.0345928185
 4219  0.118936442  0.0134720039
 4220  0.105837941  0.0334705226
 4221  0.101959683  0.0157359317
 4222  0.109889589  0.0124472613
 4223  0.105754711  0.0140114333
 4224  0.132896096  0.0106482673
 4225  0.135085568  0.0450304933
 4226  0.12596029  0.0166884679
 4229  0.147637278  0.0227855761
 4230  0.11769525  0.0208090134
 4231  0.102321833  0.0103409877
 4232  0.120377384  0.0276190154
 4233  0.13840048  0.0153838843
 4234  0.160002574  0.0357811414
 4235  0.126757771  0.0198001824
 4236  0.143513024  0.0118856467
 4237  0.0687006265  0.0259672794
 4238  0.121227756  0.026456764
 4239  0.140472353  0.0193003323
 4242  0.164598197  0.0228314325
 4243  0.17723313  0.0195799228
 4244  0.144929484  0.0218536127
 4295  0.227958649  0.101948686
 4296  0.130977347  0.0327468812
 4297  0.115398459  0.0204029307
 4298  0.168092936  0.0350537188
 4299  0.124690473  0.0210801214
 4301  0.169296026  0.0208455846
 4302  0.138006479  0.0143946018
 4303  0.131709442  0.0352032222
 4311  0.16002892  0.0253077131
 4312  0.124826133  0.0260309577
 4313  0.13960816  0.0184966736
 4314  0.198883235  0.0456311554
 4315  0.133582458  0.0197000615
 4316  0.147096798  0.0379830003
 4317  0.142963499  0.0180172231
 4318  0.107563518  0.0155290784
 4319  0.129491329  0.0177915841
 4320  0.191593096  0.0782198384
 4321  0.141896814  0.0178827923
 4322  0.167013004  0.050359007
 4323  0.0970075503  0.0970080271
 4324  0.147020519  0.0320857801
 4325  0.125869632  0.0125930784
 4326  0.0905950963  0.0251281466
 4327  0.108255312  0.0178002641
 4328  0.137159213  0.0170178805
 4329  0.151593208  0.0677961931
 4330  0.165633813  0.0162499398
 4331  0.121562742  0.0384433828
 4332  0.0972501934  0.0343844704
 4333  0.138783127  0.0272210501
 4334  0.107941777  0.0241388623
 4342  0.170770198  0.0188659281
 4344  0.416578144  0.240514994
 4345  0.125270173  0.0112563707
 4346  0.128884077  0.0128307389
 4347  0.105116323  0.0102635371
 4348  0.11554753  0.020756077
 4349  0.0834348202  0.0294998102
 4350  0.0839391798  0.0253099687
 4351  0.143661797  0.0203217845
 4352  0.171855673  0.0768580586
 4353  0.111578956  0.0118324598
 4354  0.148022696  0.0854621828
 4355  0.143224314  0.0584727861
 4356  0.148089945  0.0240277983
 4357  0.133827686  0.0161163621
 4358  0.135053918  0.0250824168
 4359  0.0935448185  0.0282063317
 4360  0.121935606  0.0102396682
 4361  0.108437546  0.0158208553
 4363  0.132020846  0.0179704763
 4364  0.129510865  0.0125856856
 4365  0.0991987661  0.0181137733
 4366  0.115142927  0.0122795254
 4367  0.11409685  0.0113028707
 4368  0.122780927  0.0501265638
 4370  0.108483888  0.0361628793
 4372  0.141969189  0.0819671378
 4375  0.369443297  0.0357339978
 4376  0.385015339  0.0616634786
 4377  0.343891114  0.0507153124
 4378  0.30265975  0.0694413185
 4379  0.251383364  0.0209632702
 4380  0.211874649  0.0339335278
 4381  0.138148904  0.0252260994
 4382  0.20583488  0.0403726436
 4383  0.455917299  0.117725924
 4384  0.178917512  0.0234996416
 4385  0.148833141  0.0259126779
 4386  0.157284096  0.0908093378
 4388  0.116862074  0.0134099498
 4389  0.128969729  0.0231671371
 4390  0.127449602  0.0136698084
 4391  0.113152944  0.00950213522
 4392  0.0929269269  0.0657099038
 4393  0.100645892  0.0167772491
 4394  0.0980293676  0.013343608
 4395  0.0826825202  0.036977645
 4396  0.0671797022  0.0223942138
 4415  0.206811845  0.103407934
 4416  0.158072755  0.016140759
 4417  0.16967003  0.0139099723
 4418  0.194509447  0.0153414812
 4419  0.257692397  0.115246348
 4420  0.169686645  0.0175098348
 4421  0.166099742  0.016618045
 4422  0.150548652  0.0131618688
 4423  0.364505887  0.210450634
 4424  0.182938963  0.0318506919
 4425  0.200585276  0.0227204189
 4426  0.156353056  0.0312744081
 4430  0.16536738  0.023874294
 4431  0.148122936  0.0285100136
 4432  0.122326955  0.018658584
 4433  0.170942724  0.0317477398
 4434  0.156344429  0.0417876467
 4435  0.172175303  0.0272285976
 4437  0.165332213  0.0337522328
 4438  0.114544444  0.0127321705
 4439  0.21908693  0.0516438037
 4440  0.0915982798  0.017011771
 4441  0.138532832  0.0219082218
 4442  0.118621156  0.0448361076
 4443  0.0725384802  0.0725388378
 4444  0.0974711701  0.0142208794
 4445  0.10964375  0.0161697026
 4446  0.135827512  0.0339595154
 4447  0.0860190839  0.0860195011
 4448  0.0888148993  0.0237383936
 4449  0.290487438  0.0805718079
 4450  0.137510464  0.0125602493
 4452  0.121828817  0.0190302562
 4453  0.150311708  0.0231983345
 4454  0.143161803  0.0275551174
 4455  0.126907736  0.0248917993
 4456  0.0349394567  0.0349396281
 4457  0.138383314  0.0197737515
 4458  0.147065774  0.0181083512
 4459  0.131518796  0.0141879627
 4460 -0.181921721 -0.0154965883
 4461  0.14546293  0.0161689091
 4462  0.18716605  0.0235879254
 4463  0.0824440792  0.0582973361
 4480  0.208423063  0.026915146
 4481  0.192831561  0.0215676036
 4482  0.181997776  0.0211644191
 4483  0.162415087  0.0354454927
 4484  0.200497404  0.0146751404
 4485  0.24912186  0.0185333639
 4486  0.23548159  0.0392537974
 4488  0.229183465  0.0399021171
 4489  0.211532995  0.0302261934
 4490  0.232354343  0.0948610306
 4491  0.293926716  0.0657304004
 4492  0.165238529  0.0337331071
 4493  0.220471457  0.0174980294
 4494  0.219490543  0.0163289476
 4495  0.227215767  0.0159240514
 4496  0.239872247  0.0399857014
 4497  0.189511731  0.0194524694
 4498  0.193400815  0.0180447958
 4499  0.0891757458  0.089176178
 4500  0.134734839  0.0294045527
 4501  0.186983004  0.0158704016
 4502  0.137696743  0.0168278124
 4503  0.206811845  0.0237317067
 4504  0.120358549  0.0310787112
 4505  0.141389504  0.0162244774
 4506  0.127958536  0.0165241919
 4507  0.149771288  0.0400307812
 4508  0.159619883  0.0332867689
 4512  0.0911834612  0.030395817
 4513  0.132976547  0.0238868911
 4514  0.128896549  0.0295736268
 4515  0.14549771  0.0257246047
 4517  0.149366096  0.0177326091
 4518  0.144701973  0.0151755959
 4519  0.200036153  0.0282962583
 4521  0.216370419  0.0175629184
 4522  0.318638682  0.073107481
 4523  0.173073843  0.0267113242
 4524  0.337037325  0.106585741
 4525  0.297434419  0.0665148273
 4526  0.289105058  0.0358703956
 4527  0.226763874  0.0196756274
 4531  0.247395188  0.0391242169
 4532  0.187510848  0.030832136
 4534  0.212739527  0.0249081105
 4535  0.194147319  0.0210669301
 4536  0.247869506  0.033739619
 4537  0.209408775  0.0204466302
 4539  0.152903363  0.0185483824
 4540  0.306436211  0.0791272596
 4541  0.175238252  0.0190151073
 4542  0.201288596  0.0373836197
 4543  0.121212102  0.0252772961
 4544  0.140667975  0.0375976525
 4549  0.183572367  0.0458966605
 4550  0.0986293405  0.0215248819
 4551  0.128097698  0.0128804957
 4553  0.146863326  0.00877308846
 4562  0.0727012455  0.051408045
 4563  0.141047046  0.0266590137
 4564  0.084084399  0.0317819975
 4565  0.138047874  0.0148065425
 4568  0.134185538  0.0128009273
 4570  0.183276236  0.0273271818
 4571  0.125404865  0.0179192461
 4572  0.222939372  0.22294046
 4573  0.089098312  0.020442443
 4574  0.10457404  0.0213485751
 4575  0.0999081731  0.0213027727
 4576  0.13431339  0.0372541845
 4577  0.133426994  0.0130902054
 4578  0.118876763  0.0198162589
 4580  0.132233188  0.0183420777
 4581  0.131558046  0.0154031664
 4582  0.155805036  0.028450124
 4583  0.183630168  0.106020465
 4584  0.153304487  0.0223668665
 4585  0.129869044  0.0187493544
 4586  0.116681181  0.0267709699
 4587  0.136126161  0.0130454265
 4588  0.0921704099  0.0143974675
 4590  0.135515496  0.0408616439
 4591  0.133563802  0.0165717844
 4592  0.139345989  0.016427828
 4593  0.136382237  0.036452163
 4594  0.114949822  0.0229927562
 4595  0.151546359  0.0142641095
 4596  0.146316826  0.0262832381
 4597  0.13255918  0.0183872972
 4598  0.126878157  0.0116867777
 4599  0.14153409  0.0169223137
 4600  0.130489424  0.0130552826
 4603  0.109816946  0.0116456067
 4605  0.141963169  0.0296046771
 4608  0.120784797  0.0427055322
 4609  0.110824451  0.0217372086
 4610  0.10705018  0.0233626477
 4611  0.142482504  0.031863153
 4613  0.159976244  0.071545288
 4615  0.149183854  0.0222438779
 4618  0.138755962  0.0167098548
 4619  0.196764305  0.0622253604
 4620  0.108145937  0.048365511
 4621  0.160732061  0.0271732993
 4622  0.143399566  0.0154696349
 4623  0.131961882  0.0320081003
 4624  0.164132431  0.0219390877
 4625  0.14127025  0.0232288614
 4626  0.138991758  0.0567448027
 4627  0.126948029  0.0253926888
 4628  0.106082156  0.0283535775
 4629  0.120090887  0.0169875436
 4630  0.111524992  0.0183378924
 4631  0.141767427  0.0227052588
 4632  0.18115668  0.0175221823
 4633  0.155529052  0.0126243886
 4634  0.212362975  0.0802683905
 4635  0.132756054  0.0231135692
 4636  0.117668539  0.0208042897
 4637  0.177452832  0.0354948789
 4638  0.138978511  0.0310795605
 4639  0.0571773909  0.0571776703
 4641  0.106208004  0.0474988185
 4643  0.137783363  0.0355781056
 4644  0.141347095  0.0199943557
 4645  0.185640886  0.0830231458
 4646  0.129070163  0.022471834
 4647  0.130166143  0.0187922474
 4648  0.146149457  0.0210997779
 4652  0.154434308  0.012576906
 4660  0.265422642  0.0289718043
 4661  0.171317279  0.0139518306
 4662  0.169091448  0.0331657529
 4663  0.198036075  0.0367795564
 4664  0.16914764  0.0157138165
 4665  0.142159015  0.0138803776
 4667  0.162848577  0.0185652617
 4668  0.190838933  0.016375117
 4669  0.202198744  0.0157063231
 4670  0.208177164  0.0149603356
 4673  0.193628624  0.0865954608
 4674  0.204909399  0.0617858134
 4675  0.230932444  0.0193249583
 4677  0.232431129  0.0256779511
 4689  0.126301408  0.0564850792
 4690  0.158631682  0.0560869463
 4691  0.208393678  0.0342658684
 4693  0.185595766  0.0197930355
 4694  0.197226018  0.0162785463
 4695  0.173220709  0.0654735044
 4698  0.293824703  0.056554012
 4699  0.257594526  0.0314804278
 4700  0.213636249  0.0250131004
 4701  0.197807118  0.0167891104
 4702  0.17327185  0.0130720241
 4704  0.204384714  0.0311748888
 4711  0.154649958  0.0177461188
 4712  0.111529879  0.0270522032
 4713  0.0585786849  0.0338209122
 4714  0.150224164  0.0313274041
 4715  0.131278202  0.0228562653
 4716  0.139512002  0.0138205932
 4748  0.16027841  0.0241680462
 4749  0.142174795  0.0172469225
 4751  0.158269078  0.0438987166
 4752  0.187052652  0.0180085953
 4753  0.15636459  0.0122197513
 4754  0.107702568  0.0380800888
 4755  0.163498312  0.0172417723
 4756  0.135501012  0.0148791661
 4757  0.273807228  0.0865896568
 4758  0.137050048  0.0180006251
 4759  0.135302857  0.0151331993
 4763  0.10593535  0.0203899443
 4764  0.135122821  0.0180614609
 4765  0.173059165  0.0288482383
 4766  0.182366922  0.0221225452
 4767  0.18269144  0.013336312
 4771  0.111743063  0.0288540386
 4772  0.1035318  0.0276719183
 4773  0.158308744  0.158309519
 4774  0.175593555  0.0248387139
 4775  0.0702323467  0.0351168551
 4776  0.136263877  0.0786731318
 4777  0.133766204  0.013730458
 4778  0.142167762  0.0118147079
 4779  0.109285414  0.0206558127
 4780  0.180550024  0.0544407926
 4781  0.0783041641  0.0261025298
 4782  0.124752454  0.0186010636
 4783  0.0789999738  0.0353307202
 4784  0.152944505  0.0164993219
 4798  0.175954148  0.0256714132
 4802  0.131741896  0.0177688226
 4803  0.137847811  0.0141494153
 4804  0.0697285235  0.0697288662
 4805  0.160148263  0.036743924
 4806  0.165048778  0.0169414636
 4807  0.082095921  0.0580511503
 4808  0.144578993  0.0401015319
 4809  0.131731749  0.014733782
 4810  0.152386725  0.0179652311
 4811  0.170743033  0.0456360988
 4812  0.156053081  0.0159345306
 4813  0.159936756  0.0282774884
 4814  0.0788547024  0.045527447
 4815  0.132371709  0.0212004539
 4816  0.13926509  0.0195058454
 4817  0.139710948  0.0127612427
 4818  0.143672615  0.0201231744
 4819  0.144921675  0.0134056294
 4820  0.120244853  0.0148058655
 4821  0.144898191  0.0167374983
 4822  0.129310906  0.0192807466
 4823  0.162389249  0.0354398564
 4824  0.296346247  0.296347708
 4825  0.132694453  0.0276717991
 4826  0.129134744  0.0172610525
 4827  0.122406892  0.014635399
 4828  0.119196802  0.0127846412
 4829  0.140066206  0.0175137203
 4832  0.125229016  0.0157822035
 4833  0.122832648  0.0501476824
 4834  0.131628022  0.013729305
 4835  0.0875802487  0.023408398
 4836  0.126188979  0.0476965755
 4837  0.1110643  0.0115220351
 4838  0.0865903199  0.0261093602
 4839  0.120577529  0.0179785658
 4840  0.0804981887  0.0402498767
 4841  0.159272224  0.060201291
 4842  0.100414842  0.0409953818
 4843  0.0717460662  0.0226892009
 4844  0.0838305876  0.0209592767
 4845  0.130136922  0.0141211608
 4846  0.148961917  0.0341773629
 4847  0.135610685  0.0168257486
 4848  0.146553442  0.0183248781
 4849  0.137685016  0.0118141938
 4850  0.121337645  0.0247708317
 4851  0.128784403  0.0281059276
 4852  0.153139099  0.0230915248
 4853  0.115681328  0.0124075832
 4854  0.129367843  0.0143798627
 4855  0.150513425  0.0475988388
 4856  0.130943507  0.0130357603
 4857  0.115554743  0.013347975
 4858  0.112547986  0.0126674986
 4859  0.121882841  0.0111328177
 4860  0.108101033  0.0124869812
 4861  0.0971149504  0.0112934429
 4862  0.0912193805  0.0101394765
 4863  0.1117782  0.0145564545
 4864  0.0663686097  0.0250858311
 4865  0.102739029  0.0133793177
 4866  0.163185701  0.01291099
 4867  0.117195897  0.020404458
 4868  0.155396283  0.0192806255
 4869  0.203691468  0.0910958052
 4870  0.132985666  0.014430278
 4871  0.0984219983  0.00938918535
 4872  0.112143107  0.0151254153
 4873  0.117255628  0.0140194958
 4874  0.116045773  0.0153748952
 4875  0.096250847  0.0137533946
 4876  0.0623886809  0.036020644
 4877  0.132108241  0.0148690445
 4878  0.157001808  0.0523362271
 4879  0.125483871  0.0117591508
 4885  0.22021012  0.0173685625
 4886  0.156977981  0.0177809931
 4887  0.192315146  0.0274801329
 4888  0.0981834009  0.0694268271
 4889  0.252004057  0.095251821
 4890  0.166031644  0.0332103632
 4891  0.164646044  0.0126754781
 4892  0.200003222  0.089446336
 4893  0.150679618  0.0199635308
 4895  0.152013168  0.0234609284
 4896  0.126431778  0.0160616897
 4897  0.144860759  0.0418201387
 4898  0.162116379  0.0186028909
 4899  0.138314664  0.0227428786
 4900  0.178335145  0.0282027442
 4901  0.12242011  0.0612112433
 4902  0.134613872  0.0264032874
 4903  0.136844307  0.0219167788
 4904  0.134112895  0.0139131434
 4905  0.150411278  0.0144144176
 4906  0.151145041  0.0120336832
 4907  0.135898724  0.0160214212
 4908  0.129287973  0.0111346347
 4909  0.209099874  0.0790350139
 4910  0.163079247  0.0160767175
 4911  0.169014931  0.0246589929
 4912  0.139311686  0.0297045279
 4913  0.25418821  0.113679186
 4915  0.112241991  0.112242542
 4916  0.0909275636  0.0454646647
 4917  0.173969612  0.0370944142
 4918  0.145658925  0.0180724729
 4919  0.143574297  0.0159589797
 4940  0.162635088  0.03320162
 4941  0.170529068  0.0539286472
 4942  0.144002318  0.0262949374
 4950  0.376167059  0.168231115
 4951  0.201142877  0.017133899
 4963  0.127112791  0.0224740729
 4964  0.139288932  0.0175541285
 4966  0.154700741  0.0154775903
 4971  0.153884307  0.0136634493
 4972  0.124378949  0.012030418
 4973  0.0933821052  0.0110862404
 4974  0.130297005  0.0392881259
 4975  0.0982774496  0.0225484744
 4979  0.137761831  0.0191089567
 4986  0.0793482214  0.056108214
 4991  0.0939428285  0.0120317126
 4992  0.121215083  0.0140018128
 4993  0.0902800933  0.0260631386
 4994  0.115716152  0.0334063247
 4995  0.14257656  0.0504103862
 4996  0.162867844  0.0287957173
 4997  0.135875866  0.0184952151
 4998  0.130797952  0.0107957385
 4999  0.230517551  0.0543382615
 5000  0.123682678  0.0141926156
 5001  0.214817286  0.0187094361
 5002  0.097972706  0.0175990686
 5003  0.101101182  0.0170921255
 5004  0.118762195  0.0118230795
 5005  0.161246151  0.0310359094
 5006  0.143523902  0.0358837657
 5008  0.11938636  0.0204779748
 5009  0.180384666  0.0681813136
 5010  0.13909784  0.0622079559
 5011  0.123173602  0.0465568304
 5012  0.143096045  0.0160048436
 5013  0.13184464  0.0153321391
 5016  0.150275618  0.017594669
 5017  0.13776058  0.0140666887
 5018  0.146511927  0.0118535915
 5019  0.127703875  0.0173828565
 5020  0.168958426  0.0192618035
 5021  0.107783996  0.0324998349
 5022  0.148124158  0.0162652954
 5023  0.139492795  0.0186455827
 5040  0.121764086  0.0202975646
 5041  0.123297662  0.0133010847
 5042  0.157166719  0.0435929596
 5043  0.146652937  0.037868388
 5044  0.128660008  0.00957163144
 5045  0.116941251  0.0151014524
 5048  0.0928120986  0.0225121006
 5049  0.130018145  0.0581472963
 5050  0.0925969705  0.0197438523
 5052  0.121331118  0.0130135603
 5053  0.101483434  0.0111437468
 5054  0.100099914  0.0150938565
 5055  0.116933912  0.0109102363
 5056  0.0993881077  0.0444487929
 5057  0.131220475  0.0267883912
 5058  0.122296892  0.0206754636
 5061  0.137654901  0.0344163999
 5062  0.122389279  0.0193552058
 5063  0.0809338614  0.0572294407
 5064  0.114603035  0.0144430464
 5065  0.138865396  0.0120944334
 5066  0.147199184  0.0214761123
 5067  0.110264003  0.0168186165
 5068  0.110412411  0.0174611285
 5069  0.107318699  0.0105797173
 5070  0.149615809  0.0228209645
 5071  0.26311329  0.0994508639
 5072  0.135011107  0.0147369318
 5073  0.140675515  0.019148536
 5075  0.12461739  0.0881186649
 5076  0.166393161  0.0152620552
 5079  0.173651755  0.0170365609
 5080  0.167632267  0.0265101418
 5081  0.188184857  0.0392436422
 5082  0.157457143  0.0216339733
 5083  0.135073647  0.0208465699
 5084  0.145522788  0.016698774
 5085  0.128417  0.0136180613
 5086  0.0961439833  0.0679847226
 5087  0.0701621547  0.0194607098
 5088  0.114626862  0.0107417358
 5089  0.126256049  0.0140339714
 5090  0.087174058  0.0147376116
 5091  0.13782835  0.0185897388
 5092  0.116146326  0.0193611067
 5093  0.107924506  0.0140546029
 5094  0.12047603  0.021300666
 5095  0.0907616168  0.0136857545
 5097  0.12464276  0.0157083198
 5098  0.133315161  0.0444403328
 5101  0.0872296318  0.013153173
 5102  0.139219269  0.0303832348
 5103  0.11489547  0.0239600409
 5104  0.109628774  0.020720711
 5105  0.107452847  0.0122499708
 5106  0.083451353  0.0231467038
 5107  0.0917465761  0.0109695438
 5108  0.090806216  0.0242706332
 5111  0.179471135  0.0283823945
 5112  0.181293055  0.0153324818
 5113  0.126961291  0.0171240326
 5114  0.145511329  0.0136359334
 5115  0.11144793  0.0162600651
 5116  0.136614993  0.0197232757
 5117  0.177780643  0.0628573895
 5120  0.145913705  0.0167436302
 5121  0.251556844  0.0795531273
 5122  0.138900429  0.0257967971
 5123  0.129185066  0.0209604558
 5124  0.160575271  0.0378512666
 5125  0.135813102  0.0131363738
 5126  0.147334635  0.0219681524
 5127  0.17149964  0.030806886
 5128  0.148517638  0.0219026264
 5129  0.149694398  0.0611142628
 5130  0.208459243  0.0321725234
 5131  0.270727456  0.0265604258
 5132  0.182142183  0.0172974952
 5133  0.157217726  0.0327858292
 5134  0.50625819  0.152650759
 5135  0.08734864  0.0390644483
 5136  0.147257254  0.0208303817
 5137  0.235640168  0.117822371
 5138  0.197083473  0.0244529173
 5139  0.153583944  0.0295611229
 5140  0.0724766701  0.0273945387
 5141  0.158260107  0.0217442978
 5142  0.137626112  0.0293451231
 5143  0.141528204  0.0283090789
 5144  0.139457047  0.0493074283
 5145  0.127607629  0.0122854933
 5146  0.131966487  0.0134750558
 5147  0.0926233307  0.035009522
 5148  0.14123787  0.0153257251
 5149  0.166739523  0.0251423027
 5168  0.21868445  0.0179282967
 5169  0.213949561  0.01748164
 5170  0.199838743  0.0210740659
 5171  0.229357168  0.0725326315
 5172  0.183043033  0.0228874944
 5173  0.213867262  0.0217251666
 5174  0.211582541  0.0241210908
 5175  0.201491654  0.0119938981
 5180  0.193875134  0.0282860547
 5181  0.163198009  0.0130345533
 5182  0.164581046  0.015700575
 5183  0.164142415  0.0163407959
 5184  0.158712104  0.0166449063
 5185  0.142820701  0.0177203231
 5186  0.143231437  0.0161209814
 5187  0.146154836  0.0204708409
 5188  0.138078019  0.0136120403
 5191  0.178409263  0.0176739041
 5192  0.192107692  0.0153925819
 5193  0.117677443  0.117678016
 5194  0.157720268  0.0212726817
 5195  0.119706362  0.0249632932
 5198  0.121927284  0.0131532513
 5199  0.110741571  0.0143008437
 5200  0.154445797  0.0291914847
 5201  0.136745006  0.0331682749
 5202  0.150234267  0.0475105569
 5203  0.125783429  0.0123403128
 5204  0.14796938  0.0265800897
 5205  0.172534406  0.0431369543
 5206  0.143655092  0.023308238
 5207  0.1100979  0.0181032382
 5208  0.163796574  0.0159930643
 5209  0.166933328  0.0124533558
 5211  0.173235521  0.014810361
 5212  0.128790319  0.0388338193
 5213  0.067205511  0.0274373349
 5214  0.118098572  0.0159286652
 5215  0.132027879  0.0132092023
 5216  0.149423257  0.0227915943
 5217  0.141195714  0.0119841518
 5218  0.091160953  0.0147909904
 5219  0.115782775  0.0105756354
 5220  0.0896280035  0.0316895172
 5221  0.0941378102  0.0283851363
 5222  0.126111016  0.0194633231
 5223  0.114253975  0.023324715
 5224  0.060096357  0.0227150619
 5225  0.0827952027  0.0213791896
 5226  0.161352202  0.024611121
 5227  0.103975743  0.0128026344
 5228  0.10958463  0.018796714
 5229  0.183201656  0.069246076
 5230  0.090955928  0.0262582451
 5232  0.109783918  0.0142967468
 5233  0.112493925  0.0195858181
 5234  0.134628206  0.0508864112
 5235  0.109956525  0.0180799924
 5236  0.115864694  0.0227258075
 5239  0.0966965929  0.0227936003
 5240  0.0734692141  0.0114762494
 5241  0.0848804936  0.0194747187
 5242  0.123085007  0.0135157835
 5243  0.112727322  0.0125301881
 5244  0.104257733  0.0208540782
 5251  0.144091263  0.0294159353
 5252  0.130109176  0.0255197324
 5253  0.187974408  0.0420364402
 5254  0.0877270475  0.0877274796
 5255  0.168468595  0.0284812339
 5256  0.148838654  0.0384327769
 5257  0.142130643  0.0335034467
 5258  0.104261562  0.0394085087
 5260  0.0566442683  0.032704059
 5261  0.114541367  0.0317700654
 5262  0.077554442  0.0447767302
 5263  3.47148442  3.47150135
 5264  0.112177223  0.0177402254
 5265  0.0860762149  0.0175722819
 5266  0.0980150923  0.0219189711
 5267  0.105071418  0.0234969668
 5268  0.120543092  0.0257026218
 5269  0.144540027  0.0215514656
 5270  0.149765059  0.0174160935
 5271  0.150998056  0.0321963355
 5272  0.130415887  0.0130479252
 5273  0.107393004  0.0129329329
 5275  0.124497682  0.0440182872
 5276  0.142659649  0.0173057392
 5277  0.144333974  0.0145868761
 5278  0.0947999656  0.0547335818
 5279  0.0761256367  0.028773766
 5280  0.128910869  0.0133734746
 5281  0.147438928  0.0269224662
 5283  0.135416493  0.0163076948
 5284  0.0948307961  0.0387156382
 5285  0.191971496  0.0783743188
 5304  0.202292547  0.0505770668
 5305  0.140535951  0.0131696882
 5306  0.14079763  0.0245136507
 5307  0.257147014  0.148466051
 5308  0.15161337  0.013734566
 5309  0.117187336  0.0353352018
 5310  0.114951417  0.0197172631
 5311  0.189604416  0.0255730879
 5312  0.0977882966  0.0977887735
 5313  0.120001934  0.0600021333
 5314  0.211583734  0.066911906
 5315  0.196764305  0.196765274
 5316  0.0933912024  0.0417668298
 5317  0.171330616  0.0989192128
 5318  0.141199261  0.0631477609
 5319  0.194597736  0.0973007604
 5320  0.168862656  0.0422189459
 5321  0.0951091647  0.0425351448
 5322  0.15539819  0.0777006075
 5323  0.0998988375  0.0706398338
 5324  0.10275007  0.0593236424
 5326  0.158137038  0.0913017914
 5327  0.0609032363  0.0609035343
 5331  0.148512706  0.0742577985
 5332  0.299388796  0.172854722
 5333  0.131932899  0.0466471352
 5334  0.259434789  0.105916895
 5335  0.783883631  0.452582002
 5337  0.143111855  0.0640031248
 5338  0.119027443  0.0273092892
 5339  0.114811957  0.0318451189
 5340  0.0973431543  0.0207558498
 5341  0.0962391719  0.043040514
 5342  0.183287621  0.0329243876
 5343  0.173059165  0.0706531703
 5344  0.146224305  0.0174830928
 5345  0.122170076  0.0216001812
 5346  0.195262283  0.0617503561
 5347  0.191702634  0.0399772301
 5349  0.199346945  0.0364009105
 5350  0.140270099  0.0198420081
 5351  0.154043689  0.0232279245
 5352  0.105396114  0.0263510756
 5353  0.0959676951  0.0362736136
 5354  0.109124273  0.0138629721
 5355  0.148104236  0.0192870572
 5356  0.081068866  0.0573249049
 5357  0.150287047  0.0160275046
 5358  0.160398632  0.0444893874
 5359  0.108775251  0.048646953
 5360  0.127271608  0.0328637846
 5361  0.145028859  0.0483450666
 5362  0.128185943  0.0197835565
 5364  0.161320835  0.0215632711
 5366  0.10908325  0.0213956889
 5367  0.0950422063  0.0190107506
 5368  0.079398632  0.026467368
 5369  0.112646677  0.0375505351
 5370  0.128065303  0.0261442699
 5371  0.144645184  0.0590528697
 5373  0.0532028265  0.0376204476
 5374  0.195063353  0.0541042574
 5375  0.128777906  0.0192012731
 5376  0.10431806  0.0122138364
 5377  0.0782621279  0.0175016448
 5378  0.169878811  0.051223129
 5379  0.119625576  0.0151970405
 5380  0.112027206  0.0153920837
 5381  0.119721107  0.0189332496
 5382  0.205377668  0.0328929797
 5383  0.16377686  0.0334347114
 5384  0.16722928  0.0173487049
 5385  0.143527374  0.0138825281
 5386  0.167170346  0.0133518223
 5387  0.23355554  0.0704234093
 5388  0.132037029  0.0156753175
 5389  0.261294544  0.0599506162
 5390  0.208448231  0.0273783077
 5391  0.211693168  0.0167488232
 5393  0.181937486  0.03268186
 5394  0.260076702  0.0467181914
 5395  0.235745445  0.054088708
 5396  0.189437449  0.0276386049
 5397  0.21768944  0.0153316054
 5402  0.203758091  0.0151169077
 5403  0.179050282  0.0159608312
 5404  0.203558028  0.0230571441
 5405  0.0852894709  0.0348202959
 5406  0.183127701  0.0244781282
 5407  0.140363276  0.0496278405
 5408  0.144949704  0.015728496
 5409  0.0823044628  0.0411530323
 5410  0.113076642  0.0158378202
 5411  0.142064586  0.0263844486
 5412  0.14495334  0.0223713517
 5413  0.140862763  0.0210031718
 5414  0.253129095  0.126567006
 5415  0.168925241  0.0409737751
 5416  0.140839607  0.0228514206
 5417  0.166121036  0.0293708947
 5418  0.164888158  0.0161767844
 5419  0.138785407  0.0119970385
 5420  0.117842637  0.027037451
 5421  0.147506297  0.0273950901
 5422  0.141160652  0.0197713431
 5423  0.199183539  0.0995937064
 5424  0.138986692  0.0121510522
 5426  0.224517435  0.0285223331
 5427  0.175771371  0.0344759561
 5428  0.16557996  0.0225384906
 5429  0.148877114  0.0212732218
 5430  0.158361375  0.0160045326
 5431  0.145681709  0.0182158779
 5432  0.162427261  0.0227500014
 5433  0.131834492  0.0294819549
 5437  0.234873667  0.0651463494
 5438  0.158922717  0.0242405515
 5439  0.190890744  0.0603678897
 5440  0.160994083  0.0149563504
 5441  0.106533937  0.0476445816
 5442  0.0956081003  0.0390329808
 5443  0.200808406  0.0321611725
 5444  0.145922527  0.035394337
 5445  0.110348843  0.0294939745
 5446  0.249031618  0.037550956
 5447  0.233587429  0.0584013946
 5448  0.14768821  0.0289677009
 5449  0.158994734  0.0148994699
 5450  0.202926025  0.0398020968
 5451  0.150330603  0.013562954
 5452  0.221415877  0.156566203
 5453  0.156957552  0.0187663976
 5454  0.173749253  0.0278274193
 5455  0.12457981  0.0302175377
 5456  0.157800034  0.0160297174
 5457  0.181865141  0.0441124216
 5458  0.173714325  0.0312047154
 5459  0.150664911  0.0176402498
 5460  0.258039683  0.0506121404
 5461  0.177911684  0.0137783894
 5462  0.179292738  0.021137245
 5463  0.116548643  0.116549209
 5464  0.123352244  0.0872240588
 5465  0.143571645  0.0130596412
 5466  0.142663747  0.0291245114
 5467  0.15000242  0.0212187003
 5468  0.161143184  0.0509604253
